Time(ms),MotorCurrent,Position,Velocity,Acceleration
12762,5.00,0,0.00,0.00
12772,17.00,0,0.00,0.00
12783,397.00,0,0.00,0.00
12795,2.00,2,170.93,14607.77
12807,16.00,2,0.00,-14514.74
12819,177.00,2,0.00,0.00
12836,134.00,2,0.00,0.00
12847,265.00,1,-85.40,-7293.91
12859,1.00,3,170.15,21742.32
12871,55.00,2,-84.77,-21609.07
12883,199.00,0,-169.84,-7223.98
12895,162.00,0,0.00,14492.44
12906,270.00,1,85.48,7306.38
12918,2.00,4,255.15,14430.01
12930,65.00,4,0.00,-21607.84
12942,230.00,1,-254.67,-21618.75
12957,269.00,0,-65.88,12436.94
12969,128.00,1,83.81,12544.79
12981,180.00,25,2013.59,161908.17
12993,34.00,52,2267.38,21312.69
13004,256.00,80,2353.14,7206.96
13016,39.00,111,2595.66,20306.77
13028,165.00,142,2590.02,-471.09
13040,23.00,169,2265.10,-27258.69
13052,219.00,197,2349.78,7106.51
13064,1.00,226,2431.87,6883.36
13076,127.00,252,2186.34,-20645.99
13088,157.00,281,2430.64,20476.00
13100,160.00,310,2435.95,445.90
13112,192.00,340,2517.20,6817.38
13124,77.00,369,2435.13,-6891.24
13139,112.00,403,2249.87,-12259.49
13151,250.00,429,2185.06,-5446.68
13163,123.00,456,2266.81,6863.79
13174,173.00,3,-38006.54,-3378920.75
13186,29.00,3,0.00,3178867.86
13201,1.00,3,0.00,0.00
13212,85.00,1,-168.98,-14276.45
13224,253.00,1,0.00,14133.16
13236,158.00,0,-84.05,-7064.02
13248,159.00,2,167.55,21076.82
13260,26.00,1,-83.77,-21051.47
13272,305.00,1,0.00,7011.48
13284,144.00,0,-84.08,-7068.77
13296,97.00,22,1850.92,162795.98
13308,131.00,45,1933.10,6907.12
13320,252.00,64,1601.48,-27951.33
13335,299.00,90,1723.45,8084.90
13347,127.00,111,1772.15,4109.68
13358,25.00,131,1684.21,-7405.59
13370,334.00,151,1685.63,119.64
13382,43.00,172,1770.51,7156.09
13394,52.00,194,1854.66,7094.38
13406,323.00,218,2017.65,13702.61
13418,144.00,242,2023.44,487.62
13430,130.00,265,1934.72,-7462.49
13442,84.00,293,2350.97,34948.91
13454,241.00,17,-23096.23,-2129472.79
13466,228.00,175,12652.15,2862618.54
13478,163.00,187,1004.10,-974650.32
13490,201.00,212,2102.96,92434.46
13502,28.00,239,2273.11,14324.72
13517,65.00,273,2253.75,-1283.62
13529,262.00,302,2434.11,15138.99
13541,70.00,4,-25025.19,-2305954.34
13553,170.00,3,-83.77,2089246.69
13567,96.00,0,-213.68,-9252.78
13579,174.00,2,167.83,32013.32
13590,20.00,1,-84.05,-21169.54
13602,219.00,1,0.00,7048.03
13614,2.00,4,252.04,21174.27
13626,148.00,3,-83.72,-28108.36
13638,69.00,1,-167.28,-6989.21
13650,196.00,0,-84.14,6995.40
13662,203.00,2,168.49,21283.21
13674,23.00,5,253.31,7162.22
13686,235.00,1,-336.45,-49605.49
13698,19.00,0,-83.68,21151.75
13713,113.00,0,0.00,5523.20
13725,175.00,2,167.97,14106.70
13737,52.00,21,1589.43,118910.63
13749,250.00,47,2185.79,50135.87
13761,66.00,74,2262.44,6422.92
13772,154.00,101,2267.38,414.83
13784,71.00,128,2267.95,47.99
13796,210.00,155,2271.96,337.23
13808,1.00,184,2432.68,13482.05
13820,98.00,216,2685.92,21255.15
13832,235.00,244,2345.26,-28533.44
13844,141.00,271,2267.95,-6493.10
13856,184.00,296,2092.40,-14693.19
13868,29.00,323,2270.82,15005.50
13880,253.00,349,2183.22,-7355.20
13895,305.00,383,2247.64,4258.21
13907,90.00,397,1179.94,-89986.99
13919,146.00,415,1513.24,28020.16
13933,186.00,444,2049.47,37896.05
13945,153.00,467,1936.84,-9484.45
13956,7.00,490,1931.31,-464.33
13968,258.00,513,1935.05,314.42
13980,5.00,537,2016.64,6855.53
13992,81.00,560,1935.70,-6811.66
14004,302.00,582,1852.01,-7045.48
14016,176.00,604,1849.52,-209.43
14028,116.00,626,1846.88,-221.58
14040,87.00,647,1767.83,-6654.73
14052,306.00,666,1599.33,-14183.42
14063,1.00,687,1766.78,14088.66
14078,126.00,713,1740.53,-1757.73
14090,165.00,734,1786.02,3868.90
14102,160.00,755,1789.67,311.32
14114,44.00,776,1790.89,104.13
14125,297.00,801,2127.66,28661.07
14137,137.00,824,1960.45,-14252.43
14149,140.00,847,1955.28,-439.22
14161,166.00,875,2377.31,35832.07
14172,128.00,9,-73389.83,-6420944.42
14185,158.00,172,13186.64,7004001.77
14197,50.00,192,1681.80,-967443.03
14208,143.00,213,1786.78,8931.76
14220,140.00,238,2126.21,28868.35
14232,269.00,264,2204.32,6622.46
14244,2.00,290,2211.26,589.94
14259,182.00,324,2296.83,5780.67
14270,133.00,351,2295.53,-110.84
14282,66.00,375,2040.47,-21684.97
14296,164.00,405,2174.86,9742.59
14308,165.00,2,-34297.87,-3104062.21
14319,191.00,0,-169.32,2889311.97
14331,59.00,0,0.00,14328.45
14343,127.00,1,84.98,7222.18
14355,246.00,1,0.00,-7210.54
14367,0.00,11,848.82,72050.28
14378,34.00,14,254.99,-50474.35
14390,187.00,41,2293.97,173234.84
14402,178.00,67,2207.88,-7310.40
14414,129.00,95,2376.10,14275.52
14425,107.00,126,2621.79,20778.33
14440,89.00,161,2336.76,-19029.62
14452,183.00,189,2343.68,579.56
14464,7.00,217,2351.76,677.88
14476,224.00,243,2185.24,-13995.14
14488,1.00,269,2183.77,-123.33
14500,155.00,299,2513.19,27596.66
14512,112.00,330,2595.88,6923.95
14524,217.00,361,2597.84,164.07
14536,1.00,388,2266.05,-27846.14
14548,110.00,414,2179.01,-7294.40
14560,270.00,441,2269.29,7587.37
14572,137.00,463,1848.12,-35380.60
14583,166.00,466,253.14,-134585.70
14595,111.00,0,-39334.85,-3341605.12
14607,151.00,0,0.00,3317717.00
14622,203.00,36,2389.80,158643.36
14634,197.00,6,-2519.31,-412253.80
14646,88.00,3,-251.15,189883.94
14660,183.00,3,0.00,17917.61
14672,58.00,1,-168.24,-14151.82
14684,298.00,1,0.00,14102.00
14696,95.00,0,-84.26,-7099.78
14708,117.00,8,672.04,63533.54
14720,120.00,32,2018.50,113243.06
14731,236.00,56,2016.47,-170.99
14743,151.00,79,1934.72,-6876.15
14755,3.00,99,1685.77,-20983.82
14767,343.00,120,1765.60,6711.28
14779,72.00,141,1768.87,275.59
14791,58.00,161,1684.64,-7095.00
14803,292.00,183,1851.54,14046.80
14818,235.00,211,1858.86,485.91
14830,200.00,234,1938.31,6695.74
14842,130.00,259,2102.61,13818.01
14853,73.00,284,2105.44,238.61
14865,241.00,309,2106.33,74.73
14877,1.00,335,2188.92,6953.47
14889,140.00,47,-23918.28,-2168192.00
14902,190.00,161,9129.49,2646574.35
14914,69.00,194,2765.67,-533340.81
14926,260.00,218,2021.39,-62686.69
14937,43.00,243,2103.14,6876.82
14949,150.00,271,2351.95,20900.05
14961,66.00,302,2597.18,20545.58
14973,226.00,5,-24872.29,-2300433.28
14988,252.00,1,-264.06,1624519.90
15000,73.00,0,-84.01,15126.34
15012,170.00,2,167.71,21109.21
15026,53.00,0,-142.70,-22149.06
15038,167.00,3,251.05,32949.81
15050,8.00,3,0.00,-21018.59
15062,245.00,0,-252.33,-21224.16
15074,2.00,2,167.55,35174.70
15086,120.00,2,0.00,-14122.24
15098,279.00,2,0.00,0.00
15109,73.00,0,-168.92,-14266.80
15121,167.00,4,335.68,42346.60
15133,34.00,1,-251.70,-49281.15
15145,276.00,4,249.98,41803.03
15157,0.00,20,1345.56,92134.92
15169,94.00,25,424.05,-78153.10
15181,228.00,25,0.00,-36031.29
15190,268.00,25,0.00,0.00
15202,2.00,43,1528.14,129734.55
15214,139.00,69,2187.63,55489.12
15226,162.00,96,2267.95,6747.01
15238,161.00,124,2350.18,6901.26
15250,209.00,155,2601.33,21074.90
15262,102.00,188,2758.04,13098.07
15274,284.00,217,2437.79,-26920.82
15286,110.00,243,2184.32,-21294.71
15298,184.00,269,2182.67,-138.54
15309,10.00,1,-22441.80,-2062005.94
15321,254.00,4,251.47,1902201.92
15333,70.00,0,-334.67,-49041.07
15345,156.00,3,251.09,49025.78
15357,35.00,2,-83.85,-28084.73
15372,38.00,3,66.17,9926.46
15384,269.00,0,-252.31,-26785.62
15398,29.00,2,142.33,28084.36
15410,313.00,1,-83.86,-18969.55
15422,116.00,17,1341.49,119506.88
15434,113.00,41,2016.47,56710.95
15446,125.00,65,2017.32,71.23
15458,259.00,87,1853.26,-13820.19
15470,143.00,107,1684.21,-14235.39
15482,12.00,129,1849.05,13854.41
15493,317.00,148,1602.70,-20780.34
15505,41.00,169,1769.17,14024.15
15517,53.00,190,1765.30,-325.04
15529,316.00,211,1768.42,262.89
15541,171.00,233,1852.32,7063.95
15556,151.00,265,2135.18,18873.97
15568,60.00,287,1871.70,-22416.25
15579,278.00,313,2211.82,28934.20
15591,183.00,341,2378.93,14197.51
15603,16.00,19,-27248.88,-2507219.11
15615,232.00,55,3042.85,2560369.56
15627,246.00,190,10971.15,644315.03
15639,195.00,207,1440.92,-807783.33
15651,54.00,233,2211.26,65516.09
15663,136.00,260,2292.02,6855.68
15674,136.00,286,2213.52,-6683.20
15686,288.00,314,2375.10,13705.65
15698,20.00,0,-26571.89,-2449605.09
15710,121.00,2,169.05,2260243.04
15721,259.00,1,-84.90,-21561.51
15731,242.00,1,0.00,8755.70
15743,3.00,3,170.53,14540.59
15757,143.00,0,-217.00,-28031.12
15769,158.00,2,169.69,32809.35
15780,126.00,0,-168.66,-28533.93
15792,98.00,0,0.00,14278.91
15804,114.00,1,85.35,7285.20
15816,209.00,0,-85.65,-14647.23
15827,175.00,0,0.00,7315.15
15839,266.00,11,939.69,80274.14
15851,1.00,34,1959.61,86898.34
15862,52.00,57,1956.61,-255.27
15874,192.00,86,2464.52,43163.53
15886,181.00,114,2372.88,-7765.94
15898,53.00,145,2627.12,21545.53
15913,113.00,181,2401.76,-15034.85
15925,201.00,210,2434.11,2715.28
15937,206.00,238,2350.37,-7029.09
15949,80.00,265,2269.10,-6830.43
15960,272.00,294,2429.42,13430.75
15972,134.00,326,2676.93,20704.96
15984,199.00,357,2596.97,-6698.57
15996,61.00,2,-29739.47,-2708924.60
16008,268.00,1,-83.75,2483728.09
16020,133.00,0,-83.63,9.96
16032,189.00,3,251.49,28092.97
16044,52.00,2,-83.65,-28035.97
16056,280.00,2,0.00,6988.64
16068,110.00,3,84.02,7059.28
16080,162.00,2,-83.82,-14068.88
16092,7.00,2,0.00,7029.71
16107,17.00,2,0.00,0.00
16121,149.00,3,71.69,5139.42
16133,60.00,2,-84.13,-13108.04
16145,272.00,15,1090.97,98614.94
16157,1.00,39,2019.86,78176.39
16168,41.00,60,1768.72,-21152.45
16180,352.00,81,1766.34,-200.21
16192,141.00,102,1768.42,175.36
16204,81.00,121,1600.67,-14132.02
16216,182.00,142,1767.68,14057.47
16228,237.00,164,1850.76,6989.53
16240,129.00,184,1680.53,-14303.86
16252,7.00,206,1849.67,14220.70
16263,308.00,229,1936.84,7340.63
16275,80.00,253,2014.78,6542.39
16287,99.00,278,2102.78,7402.56
16302,129.00,312,2252.10,9890.64
16314,80.00,5,-25796.15,-2356798.14
16327,13.00,142,11078.76,2981959.88
16339,254.00,184,3481.72,-629780.60
16351,119.00,206,1848.89,-137223.81
16363,172.00,231,2102.96,21371.64
16374,27.00,258,2269.67,14013.91
16386,211.00,282,2021.56,-20898.51
16398,1.00,311,2435.54,34767.68
16410,107.00,2,-25951.12,-2384031.52
16422,199.00,2,0.00,2168013.47
16434,146.00,0,-168.36,-14173.28
16446,197.00,2,167.90,28228.87
16458,24.00,2,0.00,-14119.75
16473,34.00,2,0.00,0.00
16487,192.00,3,71.41,5099.85
16499,28.00,12,757.13,57686.24
16511,237.00,3,-757.07,-127371.77
16522,1.00,7,336.50,91996.97
16534,42.00,7,0.00,-28577.67
16546,215.00,0,-592.37,-50128.37
16558,1.00,13,1096.86,142526.85
16570,92.00,41,2354.13,105705.97
16582,257.00,67,2186.90,-14066.17
16594,70.00,95,2354.72,14113.75
16605,165.00,8,-7301.72,-810444.19
16617,56.00,36,2352.55,811146.56
16629,204.00,64,2352.15,-33.20
16641,1.00,92,2355.32,266.30
16653,97.00,119,2268.34,-7307.45
16668,126.00,154,2320.34,3447.61
16680,92.00,186,2671.79,29343.59
16692,188.00,216,2518.05,-12904.28
16704,2.00,245,2430.24,-7358.63
16716,96.00,271,2184.87,-20618.62
16728,278.00,297,2181.57,-276.88
16740,115.00,324,2266.43,7123.10
16752,182.00,6,-26671.14,-2427037.78
16764,46.00,22,1339.14,2344348.52
16776,285.00,5,-1422.83,-231165.76
16787,109.00,0,-418.90,84109.54
16799,169.00,2,167.34,49049.26
16811,8.00,1,-83.86,-21066.80
16823,269.00,4,251.45,28104.12
16835,96.00,0,-335.40,-49207.40
16852,74.00,5,289.77,36231.40
16864,325.00,28,1936.03,138573.73
16876,155.00,53,2101.90,13945.95
16888,117.00,75,1850.61,-21138.50
16900,126.00,94,1599.60,-21132.33
16912,267.00,116,1851.85,21233.67
16924,127.00,135,1601.21,-21122.39
16936,27.00,156,1764.85,13752.47
16948,326.00,178,1852.48,7378.02
16959,68.00,198,1683.93,-14191.18
16971,71.00,220,1850.14,13977.95
16983,228.00,244,2017.99,14113.77
16995,205.00,268,2018.84,71.40
17007,144.00,292,2022.42,301.05
17019,54.00,320,2355.91,28060.22
17034,14.00,26,-19546.57,-1456185.33
17046,23.00,177,12243.57,2577649.14
17058,226.00,188,929.13,-955692.34
17070,193.00,213,2123.68,101473.90
17082,58.00,239,2205.45,6935.49
17093,139.00,267,2377.31,14592.28
17105,151.00,295,2377.31,0.00
17117,269.00,322,2305.13,-6162.60
17129,2.00,3,-27086.69,-2495697.16
17140,69.00,1,-169.28,2278241.05
17152,224.00,0,-84.75,7163.61
17164,212.00,1,84.97,14420.49
17176,59.00,2,84.96,-0.61
17188,157.00,0,-169.46,-21557.75
17199,187.00,3,253.44,35727.41
17211,14.00,8,420.31,14027.13
17223,176.00,4,-338.67,-64260.16
17235,168.00,31,2296.31,224100.72
17247,149.00,1,-2540.87,-409687.01
17259,113.00,0,-84.65,207924.58
17270,151.00,2,169.10,21455.74
17282,243.00,0,-169.39,-28669.06
17294,73.00,8,676.30,71493.37
17306,116.00,35,2293.58,137383.11
17318,250.00,62,2294.36,66.25
17329,202.00,88,2212.58,-6959.40
17341,22.00,115,2289.69,6539.20
17353,165.00,144,2466.62,15048.71
17365,172.00,175,2622.90,13222.75
17376,149.00,206,2632.70,832.36
17388,61.00,232,2209.38,-35971.70
17403,5.00,266,2272.12,4192.62
17415,139.00,291,2102.78,-14243.05
17427,159.00,26,-22289.51,-2051669.22
17439,191.00,1,-2088.55,1687632.13
17451,1.00,0,-83.99,168365.82
17463,28.00,0,0.00,7096.85
17474,193.00,0,0.00,0.00
17486,169.00,5,425.35,36184.68
17498,31.00,33,2351.16,161710.65
17510,239.00,60,2271.39,-6711.04
17522,1.00,9,-4294.01,-552782.90
17534,79.00,2,-587.84,311233.92
17546,284.00,1,-83.99,42318.90
17558,141.00,20,1597.04,141298.86
17569,129.00,43,1934.40,28373.20
17587,235.00,79,2091.69,9138.74
17599,179.00,99,1685.77,-34213.88
17610,113.00,120,1765.89,6737.38
17622,103.00,142,1852.01,7249.32
17634,259.00,161,1602.70,-21029.82
17646,133.00,182,1766.64,13791.25
17658,26.00,203,1769.76,263.49
17670,309.00,223,1683.93,-7227.03
17682,65.00,245,1849.98,13963.70
17694,61.00,267,1851.23,104.79
17705,255.00,291,2017.99,14022.13
17717,187.00,315,2018.67,57.11
17729,140.00,341,2188.37,14282.91
17741,31.00,368,2266.81,6585.86
17753,281.00,41,-27259.09,-2461311.98
17769,176.00,178,8718.90,2289695.26
17781,25.00,210,2686.37,-506424.49
17793,247.00,235,2103.49,-49042.90
17805,1.00,260,2104.73,104.36
17816,110.00,284,2021.90,-6977.88
17828,274.00,313,2439.02,35081.62
17840,117.00,340,2268.34,-14339.97
17852,181.00,1,-28473.04,-2582006.93
17864,39.00,2,83.80,2393098.13
17876,230.00,1,-84.02,-14100.21
17888,2.00,3,167.90,21148.20
17900,126.00,3,0.00,-14116.19
17912,227.00,3,0.00,0.00
17924,144.00,1,-168.32,-14166.12
17935,216.00,3,167.07,28017.06
17953,87.00,5,116.43,-2948.10
17965,199.00,1,-335.46,-37897.17
17977,2.00,2,83.80,35134.43
17988,118.00,3,83.77,-2.94
18000,160.00,1,-167.57,-21059.11
18012,165.00,15,1174.99,112678.46
18024,192.00,40,2101.19,77845.35
18036,48.00,67,2268.91,14093.62
18048,252.00,94,2269.48,48.09
18060,3.00,120,2188.00,-6856.86
18072,153.00,150,2513.19,27242.57
18084,110.00,182,2690.43,14901.45
18096,201.00,213,2603.51,-7300.04
18108,207.00,239,2184.69,-35192.02
18119,66.00,2,-19941.10,-1861656.93
18131,274.00,24,1848.27,1830578.49
18146,265.00,0,-1594.47,-228723.49
18158,52.00,0,0.00,134023.07
18170,91.00,0,0.00,0.00
18182,278.00,1,84.67,7169.69
18194,73.00,0,-84.00,-14168.19
18206,164.00,3,251.11,28049.50
18218,40.00,4,83.91,-14029.40
18230,256.00,30,2184.51,176491.36
18241,11.00,14,-1339.58,-295051.20
18253,115.00,2,-1005.11,28015.36
18265,162.00,2,0.00,84314.18
18277,184.00,23,1773.65,149801.41
18289,140.00,47,2016.64,20417.50
18301,36.00,71,2018.16,128.34
18315,114.00,97,1859.80,-11327.88
18327,108.00,118,1767.53,-7766.33
18342,67.00,145,1789.50,1456.36
18354,293.00,166,1768.27,-1787.59
18366,2.00,186,1684.07,-7090.22
18378,56.00,208,1843.16,13328.99
18389,321.00,228,1684.92,-13331.39
18401,185.00,251,1931.64,20720.32
18413,123.00,275,2017.32,7201.68
18425,70.00,299,2019.01,142.77
18437,258.00,324,2102.61,7030.69
18449,1.00,352,2351.16,20871.25
18461,100.00,5,-29083.90,-2634738.25
18473,69.00,55,4164.93,2769581.87
18485,41.00,175,9668.84,443470.38
18497,253.00,202,2263.58,-620830.04
18512,248.00,236,2269.54,397.83
18524,193.00,263,2293.97,2075.30
18536,18.00,288,2125.85,-14295.70
18547,150.00,315,2294.94,14372.49
18559,157.00,2,-26615.65,-2458383.41
18571,188.00,1,-84.59,2244210.64
18583,67.00,0,-84.67,-7.28
18595,121.00,2,169.78,21600.45
18606,251.00,1,-84.78,-21582.11
18618,1.00,3,169.72,21597.36
18630,95.00,1,-168.80,-28572.46
18642,244.00,1,0.00,14271.63
18654,212.00,3,170.08,14464.03
18665,23.00,4,85.06,-7232.01
18679,108.00,2,-144.39,-16565.56
18691,239.00,1,-84.83,5052.75
18706,164.00,1,0.00,5716.06
18718,177.00,3,169.84,14422.30
18729,155.00,15,1018.50,72030.71
18741,15.00,38,1962.79,80584.53
18753,35.00,42,342.26,-138661.05
18765,103.00,42,0.00,-29353.40
18776,66.00,42,0.00,0.00
18788,176.00,66,2052.16,175473.20
18800,181.00,93,2292.80,20434.77
18811,148.00,120,2294.94,182.21
18823,88.00,149,2457.21,13749.20
18835,124.00,180,2634.93,15106.12
18847,259.00,211,2628.23,-568.19
18859,1.00,237,2209.94,-35553.55
18870,62.00,7,-19466.78,-1834678.31
18882,233.00,1,-508.73,1607431.43
18892,109.00,1,0.00,51449.56
18904,197.00,8,589.28,49606.46
18916,0.00,4,-334.56,-77269.59
18928,110.00,2,-167.24,13991.30
18940,158.00,7,419.04,49135.04
18952,195.00,1,-503.06,-77312.11
18964,180.00,3,167.80,56284.89
18976,50.00,1,-167.79,-28153.07
18987,300.00,1,0.00,14075.94
18999,136.00,0,-84.08,-7068.77
19011,109.00,23,1935.70,169986.29
19023,142.00,48,2102.78,14053.58
19035,244.00,70,1853.10,-21031.36
19049,353.00,94,1725.38,-9182.05
19061,160.00,114,1682.37,-3617.82
19076,231.00,141,1786.07,6859.82
19088,120.00,162,1769.76,-1374.21
19100,72.00,182,1681.24,-7441.57
19112,288.00,204,1853.10,14476.28
19123,5.00,227,1937.98,7152.41
19135,29.00,251,2020.03,6905.77
19147,305.00,275,2019.01,-85.78
19159,101.00,301,2187.82,14204.24
19171,147.00,329,2348.80,13503.96
19183,6.00,30,-25000.00,-2286688.65
19195,139.00,109,6512.78,2597920.71
19207,179.00,186,6274.45,-19420.82
19219,172.00,216,2516.99,-315249.28
19231,191.00,242,2182.31,-28091.59
19243,65.00,270,2346.04,13718.85
19258,109.00,304,2252.10,-6222.30
19270,208.00,2,-25337.70,-2314774.66
19282,168.00,0,-167.49,2107880.91
19320,2.00,4,105.21,7173.01
19332,132.00,3,-84.14,-15932.10
19344,104.00,2,-83.57,47.60
19356,215.00,0,-166.90,-6954.27
19368,1.00,3,251.03,34970.14
19380,128.00,2,-84.01,-28144.35
19392,226.00,9,590.27,56857.61
19403,19.00,10,84.93,-42916.63
19415,107.00,12,169.42,7157.48
19427,251.00,23,930.39,64363.54
19442,1.00,56,2273.98,92584.77
19456,128.00,92,2456.33,12442.12
19471,194.00,131,2555.53,6500.35
19483,48.00,159,2351.36,-17145.89
19495,252.00,187,2351.95,49.77
19507,24.00,215,2351.76,-16.59
19519,156.00,243,2352.94,99.64
19531,103.00,270,2267.57,-7169.52
19543,206.00,301,2596.75,27573.81
19555,1.00,334,2754.36,13155.10
19567,139.00,364,2518.89,-19770.73
19579,160.00,391,2267.57,-21106.74
19591,174.00,7,-32225.58,-2894692.24
19603,1.00,3,-333.50,2659002.75
19615,113.00,2,-83.87,20936.73
19626,212.00,2,0.00,7025.59
19638,166.00,3,83.86,7033.25
19650,179.00,2,-84.05,-14114.42
19665,0.00,2,0.00,5554.77
19677,55.00,1,-84.30,-7106.96
19689,305.00,1,0.00,7051.09
19701,164.00,0,-84.10,-7072.34
19713,145.00,2,167.71,21116.32
19725,55.00,20,1513.50,113157.36
19737,285.00,17,-251.91,-148241.30
19749,79.00,38,1758.20,168294.98
19761,74.00,59,1767.83,809.88
19773,211.00,81,1847.50,6690.62
19784,231.00,100,1600.27,-20822.70
19796,114.00,121,1765.15,13859.07
19810,203.00,146,1786.10,1496.47
19822,121.00,167,1767.53,-1562.92
19834,88.00,189,1849.21,6865.40
19849,20.00,220,2049.04,13209.02
19861,290.00,244,2017.99,-2610.87
19873,73.00,269,2099.25,6823.32
19885,137.00,297,2347.02,20768.79
19897,7.00,27,-22522.52,-2074536.77
19909,208.00,105,6451.61,2396537.26
19921,203.00,183,6345.07,-8666.60
19933,196.00,215,2675.81,-306820.42
19945,207.00,239,2012.07,-55645.25
19957,92.00,267,2345.65,27944.67
19969,278.00,296,2431.87,7230.01
19981,132.00,1,-24731.72,-2277296.24
19993,189.00,2,83.57,2073816.96
20005,64.00,2,0.00,-7003.28
20017,260.00,0,-167.84,-14085.39
20032,262.00,1,66.68,15637.90
20044,2.00,3,169.68,8738.31
20055,86.00,2,-84.66,-21532.18
20067,237.00,1,-84.49,14.50
20079,1.00,3,169.23,21469.06
20091,47.00,1,-169.79,-28782.33
20103,188.00,0,-84.83,7207.47
20114,180.00,8,681.08,65206.45
20126,265.00,0,-684.46,-116833.13
20138,1.00,6,512.47,102232.05
20150,6.00,30,2043.94,130427.07
20161,166.00,58,2378.32,28402.15
20175,260.00,93,2517.80,10033.90
20187,3.00,11,-6970.42,-806547.32
20199,47.00,33,1869.95,751412.79
20211,202.00,60,2292.60,35887.83
20225,71.00,94,2293.89,86.58
20237,102.00,120,2212.39,-6934.83
20249,242.00,148,2377.92,14057.74
20261,2.00,178,2532.07,13010.94
20273,51.00,210,2721.09,16072.75
20284,205.00,239,2464.10,-21836.00
20296,177.00,265,2208.82,-21687.39
20308,117.00,290,2122.42,-7334.84
20320,101.00,316,2205.26,7026.08
20331,137.00,343,2294.36,7571.29
20343,275.00,371,2375.90,6919.30
20355,3.00,401,2545.61,14400.28
20367,48.00,2,-33859.47,-3089365.18
20379,225.00,1,-84.90,2867597.76
20390,159.00,18,1446.19,130250.72
20405,146.00,1,-1134.69,-172265.92
20417,36.00,7,502.85,137239.73
20429,285.00,7,0.00,-42234.96
20441,1.00,31,2019.18,169879.04
20453,63.00,55,2018.16,-85.67
20465,331.00,76,1767.83,-21073.99
20477,151.00,96,1684.49,-7018.56
20489,101.00,118,1849.98,13915.99
20500,150.00,137,1600.13,-21041.64
20512,257.00,158,1764.41,13802.27
20524,129.00,180,1851.54,7333.01
20536,7.00,200,1682.94,-14187.57
20550,112.00,226,1869.29,13398.39
20562,96.00,251,2103.31,19688.84
20574,243.00,275,2019.86,-7023.47
20589,272.00,307,2117.24,6443.05
20601,1.00,334,2269.10,12762.08
20613,151.00,40,-24485.72,-2228268.09
20625,192.00,165,10080.65,2787609.82
20637,92.00,193,2337.23,-646361.97
20649,279.00,219,2183.22,-12931.90
20661,97.00,246,2267.38,7067.56
20673,172.00,273,2266.24,-95.84
20685,8.00,303,2513.19,20688.02
20697,244.00,330,2268.15,-20585.44
20709,2.00,355,2100.13,-14113.81
20721,140.00,2,-29666.36,-2669677.53
20732,87.00,1,-83.54,2471413.23
20744,183.00,1,0.00,7000.35
20756,2.00,3,168.31,14163.74
20771,1.00,2,-66.20,-15524.07
20783,154.00,3,83.56,12514.58
20795,111.00,1,-168.01,-21133.56
20807,180.00,22,1763.37,162178.44
20819,2.00,3,-1593.56,-281550.86
20831,97.00,3,0.00,133475.05
20843,272.00,2,-84.16,-7083.06
20855,119.00,-1,-251.49,-14026.91
20867,206.00,6,582.75,69450.43
20879,83.00,22,1341.16,63571.35
20891,262.00,50,2355.12,85285.68
20903,85.00,78,2350.18,-414.80
20917,244.00,110,2288.66,-4399.90
20928,41.00,138,2351.36,5265.67
20940,166.00,171,2767.99,34946.45
20956,174.00,207,2384.11,-25422.91
20967,6.00,235,2354.52,-2487.55
20979,235.00,259,2015.28,-28486.14
20991,1.00,286,2269.86,21402.16
21003,129.00,18,-22470.03,-2074275.78
21015,92.00,12,-501.59,1836518.78
21027,175.00,0,-1010.44,-42847.16
21039,177.00,0,0.00,85312.50
21051,132.00,0,0.00,0.00
21062,124.00,0,0.00,0.00
21074,151.00,26,2197.43,185719.29
21086,60.00,52,2183.96,-1131.82
21098,232.00,6,-3870.10,-509343.40
21110,2.00,2,-335.43,296408.34
21122,72.00,1,-84.01,21121.00
21134,296.00,12,926.16,85052.22
21149,285.00,42,1992.56,70828.99
21161,177.00,65,1931.15,-5156.24
21173,131.00,87,1849.52,-6862.86
21184,69.00,109,1848.89,-52.25
21196,281.00,129,1682.51,-13997.19
21208,1.00,150,1763.96,6842.03
21220,29.00,170,1686.06,-6567.90
21232,343.00,190,1684.64,-119.63
21244,127.00,211,1768.27,7042.44
21256,79.00,232,1766.64,-137.66
21268,173.00,253,1767.08,37.53
21282,73.00,283,2142.09,26776.89
21294,215.00,307,2018.16,-10421.18
21305,203.00,332,2098.72,6762.97
21317,174.00,359,2265.86,14026.27
21333,138.00,70,-18864.23,-1379248.75
21345,217.00,168,7896.86,2156413.15
21357,0.00,203,2925.69,-415545.42
21369,101.00,227,2018.33,-76305.97
21381,298.00,251,2016.98,-114.04
21393,124.00,278,2265.29,20833.50
21405,180.00,306,2348.99,7022.03
21417,3.00,335,2436.97,7393.40
21429,223.00,361,2183.77,-21266.75
21440,2.00,383,1848.58,-28164.75
21452,140.00,2,-31949.69,-2834236.45
21464,54.00,1,-83.42,2658401.75
21476,215.00,9,670.92,63262.29
21488,2.00,4,-418.90,-91305.01
21500,147.00,24,1673.64,175108.03
21515,122.00,60,2404.17,48786.37
21527,246.00,87,2295.92,-9204.83
21539,2.00,113,2209.01,-7384.23
21550,16.00,139,2210.32,111.75
21562,172.00,1,-11715.77,-1182280.83
21574,203.00,5,336.76,1014692.91
21586,27.00,5,0.00,-28463.95
21598,157.00,32,2296.11,195264.36
21609,166.00,60,2379.13,7053.96
21621,208.00,86,2204.32,-14820.50
21633,52.00,112,2207.51,270.14
21647,191.00,145,2381.81,12580.74
21659,171.00,177,2715.09,28277.11
21670,104.00,205,2372.28,-29044.10
21682,111.00,232,2288.52,-7099.06
21697,1.00,264,2160.41,-8649.27
21709,22.00,290,2209.57,4177.67
21721,185.00,313,1956.45,-21531.25
21732,145.00,319,512.95,-123407.35
21744,243.00,319,0.00,-43928.41
21756,167.00,319,0.00,0.00
21767,280.00,336,1457.48,124955.07
21779,1.00,365,2465.57,85707.46
21791,38.00,393,2380.35,-7244.91
21803,215.00,420,2293.58,-7370.64
21814,157.00,442,1867.89,-36142.70
21826,150.00,465,1955.62,7459.12
21838,117.00,489,2040.47,7214.19
21850,78.00,513,2042.03,132.95
21861,289.00,536,1958.45,-7117.25
21876,254.00,565,1939.80,-1247.33
21888,0.00,588,1935.05,-399.60
21900,13.00,610,1854.19,-6814.72
21912,325.00,630,1682.65,-14432.20
21924,129.00,652,1847.50,13843.27
21936,81.00,672,1684.49,-13728.90
21948,169.00,693,1761.74,6480.77
21960,254.00,714,1767.23,461.63
21971,132.00,735,1766.78,-37.53
21983,36.00,756,1767.68,75.11
21995,321.00,781,2100.49,27962.57
22009,121.00,809,2012.80,-6303.77
22021,242.00,833,2016.30,294.28
22033,2.00,862,2433.29,34988.74
22045,115.00,18,-70550.87,-6100824.15
22061,188.00,180,10341.53,5163893.45
22073,3.00,190,835.21,-793979.21
22084,100.00,214,2018.33,99497.15
22096,260.00,240,2179.75,13532.19
22108,138.00,267,2264.15,7078.06
22120,185.00,296,2434.72,14320.65
22132,34.00,323,2270.82,-13785.40
22144,236.00,347,2010.72,-21790.55
22156,10.00,374,2267.76,21589.14
22168,157.00,1,-31320.85,-2820439.49
22180,81.00,1,0.00,2620991.61
22192,200.00,3,168.08,14125.67
22204,0.00,2,-83.84,-21119.86
22215,112.00,2,0.00,7026.77
22227,232.00,9,588.14,49414.93
22243,106.00,40,2053.39,97055.82
22254,164.00,66,2192.06,11691.25
22266,194.00,91,2102.25,-7551.66
22278,7.00,118,2274.45,14505.66
22290,231.00,147,2439.64,13896.66
22302,1.00,177,2518.05,6581.00
22314,118.00,206,2439.85,-6579.24
22326,198.00,234,2350.57,-7494.49
22338,141.00,263,2437.79,7332.16
22350,179.00,290,2271.39,-13998.93
22361,36.00,316,2183.22,-7403.32
22375,192.00,351,2490.75,21884.85
22387,45.00,383,2681.86,16017.03
22399,247.00,411,2353.14,-27626.27
22411,5.00,3,-34291.48,-3079897.17
22426,97.00,0,-198.56,2256464.39
22438,155.00,0,0.00,16741.75
22450,262.00,0,0.00,0.00
22462,1.00,0,0.00,0.00
22473,58.00,1,84.88,7205.03
22485,265.00,3,167.94,6974.37
22497,89.00,4,83.83,-7050.96
22509,160.00,2,-167.64,-21079.12
22521,13.00,21,1587.83,146705.40
22533,250.00,1,-1683.64,-275399.92
22545,1.00,2,84.05,148583.53
22557,77.00,2,0.00,-7080.09
22569,296.00,2,0.00,0.00
22581,74.00,0,-169.26,-14324.82
22592,97.00,24,2017.15,183762.63
22604,185.00,49,2103.67,7280.63
22619,143.00,75,1726.54,-25043.27
22631,245.00,97,1851.54,10519.94
22643,126.00,117,1685.20,-14015.52
22655,45.00,137,1683.79,-119.44
22667,307.00,157,1681.24,-214.17
22679,49.00,178,1767.23,7236.65
22691,53.00,199,1766.04,-99.99
22703,274.00,221,1848.43,6922.14
22714,204.00,246,2100.13,21144.62
22726,131.00,270,2016.98,-6988.67
22740,157.00,300,2143.16,9014.65
22752,147.00,329,2438.61,24844.51
22764,40.00,28,-25112.63,-2298618.86
22776,41.00,117,7311.26,2663591.06
22789,138.00,185,5570.57,-142597.56
22804,52.00,221,2382.84,-210996.21
22816,239.00,246,2098.02,-23902.66
22828,2.00,273,2268.53,14325.90
22839,115.00,303,2517.62,20904.42
22851,166.00,10,-24535.25,-2265355.64
22863,188.00,1,-752.82,1989329.20
22875,204.00,6,419.74,98435.85
22887,94.00,1,-419.36,-70376.78
22899,274.00,1,0.00,35098.56
22911,119.00,0,-84.15,-7081.87
22923,195.00,3,250.75,27992.82
22935,84.00,3,0.00,-20904.73
22947,246.00,16,1089.78,91355.62
22959,138.00,13,-251.13,-112247.72
22971,197.00,8,-419.60,-14138.45
22986,188.00,9,66.60,32383.67
22998,138.00,32,1961.96,161677.95
23009,65.00,55,1958.61,-284.55
23021,65.00,61,513.65,-123701.65
23033,147.00,61,0.00,-44022.51
23044,102.00,65,344.15,29608.98
23056,248.00,95,2541.08,186086.36
23068,0.00,124,2462.43,-6678.61
23080,19.00,153,2461.80,-53.23
23091,180.00,179,2212.95,-21180.13
23105,260.00,210,2232.46,1405.02
23117,1.00,237,2296.11,5412.81
23129,78.00,269,2704.07,34473.50
23141,224.00,301,2711.63,640.76
23152,194.00,330,2460.55,-21303.94
23167,142.00,363,2231.39,-15495.18
23179,266.00,1,-30672.77,-2788015.21
23191,3.00,8,593.87,2652637.82
23203,70.00,11,254.47,-28789.56
23214,264.00,1,-846.96,-93286.16
23226,2.00,6,421.91,107067.80
23238,28.00,2,-339.82,-64711.88
23250,230.00,0,-169.38,14434.41
23262,167.00,3,254.41,35938.47
23273,97.00,2,-84.74,-28738.95
23285,186.00,1,-84.74,0.00
23297,104.00,2,85.19,14477.08
23309,344.00,22,1701.55,137515.32
23320,19.00,46,2038.39,28608.91
23332,24.00,67,1786.78,-21408.31
23344,261.00,87,1702.42,-7180.83
23359,223.00,114,1805.17,6870.19
23371,118.00,133,1599.33,-17327.29
23383,69.00,154,1766.64,14074.97
23395,289.00,175,1769.46,238.31
23406,0.00,196,1767.53,-162.96
23418,44.00,218,1851.85,7097.97
23430,321.00,243,2098.55,20708.13
23442,179.00,267,2015.96,-6937.26
23454,145.00,291,2012.41,-297.65
23466,4.00,319,2348.40,28180.19
23480,163.00,21,-21311.59,-1692054.27
23492,58.00,72,4251.77,2131168.34
23504,102.00,177,8467.06,339915.13
23516,129.00,210,2757.35,-477081.06
23528,181.00,237,2263.20,-41420.87
23543,218.00,270,2187.31,-5030.05
23555,2.00,300,2512.14,27200.51
23567,117.00,328,2354.13,-13285.18
23579,144.00,3,-27219.43,-2476847.46
23591,161.00,3,0.00,2279493.38
23603,213.00,2,-83.94,-7046.24
23615,99.00,1,-83.84,8.26
23627,274.00,1,0.00,7039.75
23639,88.00,0,-84.06,-7066.40
23651,209.00,2,165.88,20729.92
23663,90.00,11,755.41,49482.55
23675,253.00,13,168.11,-49365.74
23686,58.00,5,-673.06,-70769.84
23698,164.00,3,-168.10,42441.19
23710,95.00,1,-168.51,-34.60
23725,196.00,1,0.00,11252.50
23737,83.00,0,-84.80,-7190.37
23749,170.00,25,2096.79,182972.72
23761,20.00,19,-502.98,-217936.43
23773,220.00,14,-420.17,6958.64
23785,0.00,33,1601.89,170479.44
23797,98.00,63,2520.37,77164.12
23808,273.00,89,2188.55,-27931.05
23820,92.00,115,2182.49,-508.90
23832,169.00,143,2353.73,14394.98
23846,85.00,180,2636.83,20175.15
23858,175.00,211,2595.23,-3482.79
23870,7.00,240,2435.54,-13411.10
23882,231.00,268,2352.55,-6973.31
23894,3.00,295,2265.29,-7320.67
23906,128.00,320,2097.14,-14105.46
23916,195.00,343,2348.62,25679.25
23928,62.00,371,2352.74,346.79
23939,270.00,8,-30447.91,-2751271.17
23951,102.00,3,-419.36,2518540.12
23963,140.00,3,0.00,35257.91
23975,109.00,1,-168.41,-14180.44
23987,227.00,1,0.00,14136.39
23999,159.00,4,252.89,21317.30
24011,13.00,10,505.65,21301.13
24023,288.00,22,1009.85,42430.33
24035,47.00,47,2104.02,92086.93
24046,64.00,68,1770.81,-28098.15
24058,330.00,88,1685.77,-7167.47
24070,145.00,109,1768.57,6973.04
24082,90.00,128,1602.02,-14042.70
24097,94.00,155,1791.16,12547.43
24109,112.00,176,1766.04,-2112.69
24121,266.00,196,1682.37,-7038.42
24133,144.00,218,1852.48,14323.58
24145,34.00,242,2015.11,13655.56
24157,313.00,266,2017.48,199.35
24168,101.00,290,2017.82,28.52
24180,134.00,318,2350.37,27914.83
24192,15.00,8,-25904.57,-2361071.65
24207,227.00,183,12001.92,2599718.21
24219,17.00,193,832.78,-930141.75
24231,144.00,217,2015.28,99295.02
24243,115.00,246,2435.75,35315.31
24255,196.00,273,2265.67,-14271.70
24270,246.00,310,2440.47,11529.67
24282,23.00,338,2350.18,-7578.98
24294,163.00,3,-28068.71,-2548712.34
24306,56.00,2,-83.89,2347719.20
24318,201.00,1,-83.83,5.31
24329,2.00,2,84.05,14111.47
24341,91.00,2,0.00,-7075.92
24353,283.00,1,-84.01,-7056.90
24365,142.00,7,501.30,48901.36
24377,193.00,12,419.71,-6848.44
24389,48.00,17,419.67,-2.96
24401,250.00,7,-837.59,-105307.43
24413,85.00,0,-585.68,21077.23
24425,182.00,4,335.29,77197.42
24437,25.00,1,-251.49,-49189.13
24449,240.00,2,83.65,28035.97
24464,277.00,35,2195.32,140477.82
24476,2.00,63,2372.68,15029.54
24487,51.00,91,2378.12,462.12
24499,190.00,119,2380.14,171.84
24511,185.00,146,2292.41,-7448.91
24523,80.00,174,2369.27,6503.44
24534,145.00,205,2624.45,21603.67
24546,166.00,234,2459.92,-13956.18
24558,218.00,262,2377.31,-7013.64
24572,24.00,291,2090.24,-20691.43
24584,166.00,1,-24689.26,-2279882.23
24595,170.00,6,423.80,2128585.91
24607,232.00,28,1873.30,123424.42
24619,1.00,31,256.87,-138404.46
24631,62.00,0,-2655.25,-249431.91
24654,170.00,29,1224.04,163738.31
24666,89.00,55,2209.19,83707.35
24678,133.00,78,1956.28,-21511.63
24690,104.00,102,2038.74,7004.30
24701,276.00,126,2043.42,399.04
24713,177.00,13,-9628.49,-994539.56
24725,57.00,36,1955.28,984763.84
24737,221.00,60,2036.83,6920.92
24748,117.00,82,1870.91,-14110.50
24760,317.00,104,1870.27,-54.08
24772,50.00,125,1786.02,-7165.60
24784,5.00,146,1786.63,51.71
24795,277.00,165,1621.16,-14118.21
24807,96.00,186,1786.93,14105.64
24819,306.00,207,1790.59,311.80
24834,319.00,232,1671.46,-7964.73
24846,121.00,254,1851.23,15127.09
24858,83.00,277,1934.40,6994.96
24869,170.00,301,2019.35,7147.96
24881,227.00,326,2099.96,6770.76
24893,164.00,353,2268.72,14180.23
24905,51.00,381,2351.36,6940.17
24917,118.00,61,-26534.00,-2395137.41
24932,89.00,176,7933.22,2377705.55
24944,131.00,208,2682.31,-440143.29
24956,23.00,233,2100.13,-48906.17
24967,180.00,258,2097.84,-192.25
24979,1.00,282,2018.16,-6700.30
24991,104.00,310,2350.18,27867.45
25003,175.00,338,2351.36,99.44
25018,87.00,370,2121.03,-15266.72
25030,144.00,0,-31076.77,-2788325.16
25042,2.00,3,251.28,2624009.16
25054,71.00,5,168.12,-6990.05
25066,222.00,20,1258.71,91514.84
25078,94.00,51,2600.45,112553.22
25090,150.00,79,2351.76,-20888.42
25102,8.00,107,2350.57,-99.44
25114,198.00,133,2183.77,-14009.57
25125,1.00,160,2267.00,6988.21
25137,109.00,187,2268.34,112.00
25149,124.00,217,2515.72,20745.29
25161,151.00,247,2512.77,-247.09
25173,163.00,274,2269.48,-20449.99
25185,65.00,300,2183.41,-7228.22
25200,82.00,333,2190.65,481.09
25212,212.00,360,2272.54,6891.91
25224,64.00,386,2185.98,-7277.61
25236,139.00,416,2519.10,27972.72
25248,24.00,448,2684.34,13860.86
25260,170.00,478,2521.01,-13725.22
25271,1.00,505,2272.54,-20913.43
25283,68.00,530,2103.67,-14209.62
25297,1.00,560,2130.23,1885.90
25309,64.00,579,1604.87,-44375.59
25321,171.00,579,0.00,-136201.75
25333,146.00,579,0.00,0.00
25345,111.00,580,85.40,7293.91
25356,129.00,609,2441.08,198288.98
25368,142.00,637,2359.09,-6907.97
25383,150.00,671,2253.60,-6992.17
25395,24.00,695,2020.71,-19607.94
25407,217.00,719,2017.99,-228.58
25419,15.00,743,2022.93,415.77
25431,87.00,768,2103.49,6778.74
25443,286.00,790,1854.35,-20999.87
25455,160.00,814,2018.84,13836.91
25467,110.00,838,2020.54,143.09
25478,164.00,860,1857.48,-13767.44
25490,242.00,880,1685.06,-14526.81
25502,125.00,902,1851.07,13968.10
25514,74.00,922,1686.48,-13878.91
25526,309.00,943,1765.15,6612.43
25538,1.00,964,1768.87,313.09
25550,25.00,983,1602.29,-14047.40
25565,46.00,1012,1924.23,21360.99
25577,249.00,1036,2013.93,7527.43
25588,192.00,1060,2018.33,370.32
25600,138.00,1085,2100.13,6871.74
25612,35.00,1112,2270.62,14337.77
25624,264.00,1143,2596.53,27297.72
25636,245.00,119,-83503.22,-7021100.34
25649,215.00,180,5008.62,7267578.82
25663,12.00,208,1978.10,-214095.50
25675,248.00,235,2265.86,24149.16
25687,18.00,260,2101.37,-13826.25
25699,133.00,286,2181.57,6729.65
25710,145.00,313,2269.67,7405.55
25722,187.00,340,2258.28,-952.67
25734,0.00,368,2350.37,7730.48
25749,1.00,401,2186.30,-10870.17
25761,134.00,429,2348.99,13648.83
25773,162.00,451,1849.98,-41961.83
25785,156.00,479,2347.02,41663.13
25797,207.00,508,2432.48,7167.71
25809,84.00,536,2348.99,-7003.73
25821,269.00,23,-43062.20,-3811902.48
25833,101.00,49,2180.11,3793586.42
25845,179.00,74,2099.96,-6732.69
25857,28.00,100,2185.79,7216.00
25869,211.00,130,2521.01,28169.42
25880,3.00,162,2680.29,13341.41
25892,128.00,191,2435.95,-20524.17
25904,142.00,219,2343.88,-7707.22
25919,213.00,252,2206.92,-9159.75
25931,14.00,278,2207.69,66.06
25943,87.00,305,2296.70,7571.16
25955,225.00,334,2457.63,13637.93
25966,205.00,366,2716.01,21930.09
25978,34.00,398,2705.67,-873.76
25990,186.00,423,2123.32,-49460.75
26002,170.00,447,2038.74,-7185.41
26014,191.00,470,1958.45,-6836.61
26027,20.00,0,-34045.64,-2608046.54
26039,90.00,0,0.00,2912123.48
26051,55.00,0,0.00,0.00
26062,170.00,24,2056.91,176286.23
26074,169.00,52,2376.51,27126.02
26086,196.00,80,2377.72,102.82
26098,100.00,6,-6260.05,-730713.40
26112,184.00,6,0.00,423176.21
26124,69.00,10,340.57,28997.06
26136,192.00,33,1953.95,137064.33
26148,120.00,58,2119.18,14005.95
26160,287.00,4,-4590.67,-570419.83
26171,80.00,30,2204.88,576284.80
26183,37.00,54,2041.68,-13883.48
26195,282.00,75,1786.02,-21744.03
26207,119.00,96,1788.15,181.29
26218,204.00,117,1788.15,0.00
26230,78.00,136,1627.27,-13778.48
26242,17.00,157,1785.87,13487.25
26254,265.00,177,1706.34,-6785.01
26265,105.00,197,1701.84,-383.00
26277,233.00,220,1954.95,21514.08
26292,341.00,250,2005.75,3396.32
26304,168.00,274,2016.98,943.47
26316,126.00,299,2102.61,7201.94
26328,35.00,326,2265.29,13649.09
26340,258.00,355,2433.91,14151.58
26352,17.00,39,-26443.51,-2416520.63
26364,75.00,169,10533.14,2996001.74
26376,3.00,208,3223.41,-604160.01
26388,65.00,228,1682.65,-129627.72
26402,172.00,258,2155.02,33931.88
26414,21.00,283,2100.66,-4567.16
26426,246.00,314,2601.33,42012.42
26438,2.00,3,-26053.45,-2400500.39
26450,159.00,8,418.90,2217857.58
26461,101.00,24,1345.56,77929.08
26471,79.00,9,-1528.12,-292753.95
26483,205.00,29,1681.94,269957.25
26495,61.00,56,2268.53,49284.32
26507,135.00,85,2438.00,14247.40
26519,19.00,116,2600.45,13627.53
26531,167.00,144,2350.57,-20977.34
26543,2.00,170,2183.96,-13995.34
26555,96.00,196,2185.42,123.44
26566,193.00,223,2268.34,6965.54
26578,82.00,249,2187.63,-6790.43
26590,149.00,278,2433.29,20612.75
26602,7.00,308,2521.01,7370.94
26614,181.00,334,2183.41,-28350.88
26626,4.00,337,253.89,-163296.64
26638,20.00,337,0.00,-21503.60
26647,70.00,337,0.00,0.00
26659,196.00,357,1695.06,143661.23
26671,2.00,384,2273.68,48726.34
26683,99.00,412,2357.50,7056.79
26695,196.00,439,2274.83,-6964.71
26707,115.00,469,2517.83,20394.55
26719,141.00,502,2768.46,21025.31
26731,22.00,533,2604.39,-13784.00
26742,184.00,559,2188.92,-34977.67
26754,1.00,585,2182.67,-524.49
26768,166.00,617,2288.66,7580.03
26780,2.00,644,2270.62,-1516.44
26792,71.00,672,2352.94,6917.34
26804,219.00,701,2437.38,7097.26
26816,92.00,728,2269.48,-14113.20
26831,124.00,759,2056.93,-14103.19
26843,118.00,782,1934.89,-10266.99
26855,46.00,807,2102.78,14122.07
26867,206.00,831,2023.44,-6689.65
26878,2.00,854,1938.15,-7187.19
26890,28.00,878,2016.13,6550.84
26902,254.00,903,2102.78,7288.67
26914,95.00,924,1765.89,-28329.22
26926,70.00,945,1767.97,175.23
26938,170.00,966,1771.26,276.71
26950,158.00,985,1603.10,-14187.49
