Time(ms),MotorCurrent,Position,Velocity,Acceleration
13635,7.00,18,0.00,0.00
13645,264.00,21,303.52,30708.30
13657,73.00,30,770.61,39994.27
13668,309.00,43,1106.29,28565.65
13680,73.00,59,1366.35,22208.77
13692,351.00,77,1536.75,14547.98
13704,20.00,97,1704.16,14264.15
13715,46.00,117,1705.90,148.78
13727,242.00,138,1791.04,7261.61
13739,87.00,162,2044.47,21588.07
13751,325.00,186,2042.73,-148.11
13762,1.00,210,2043.25,44.42
13774,21.00,236,2212.77,14427.00
13786,204.00,264,2377.31,13970.77
13798,189.00,56,-17514.31,-1674943.43
13813,281.00,182,8035.20,1629329.53
13825,124.00,215,2765.44,-441612.46
13837,169.00,239,2017.99,-62847.61
13849,17.00,266,2265.10,20730.44
13861,253.00,295,2430.44,13856.73
13873,81.00,320,2087.33,-28647.00
13885,177.00,347,2264.15,14827.41
13897,26.00,373,2180.66,-7002.58
13915,65.00,410,2072.13,-6077.88
13927,251.00,434,2017.82,-4566.04
13938,17.00,454,1681.66,-28265.59
13950,156.00,482,2345.84,55645.36
13962,25.00,512,2512.56,13963.01
13974,223.00,542,2515.51,247.32
13989,281.00,0,-35813.40,-2532635.96
14001,140.00,1,83.51,2997654.08
14013,179.00,12,923.52,70523.78
14025,13.00,40,2355.32,120440.80
14037,230.00,69,2435.54,6737.70
14049,3.00,99,2513.62,6541.54
14061,136.00,128,2434.11,-6673.18
14073,120.00,155,2267.76,-13971.69
14085,175.00,181,2183.22,-7098.95
14097,195.00,208,2266.81,7017.83
14109,61.00,235,2271.01,352.82
14120,247.00,3,-19502.35,-1830309.39
14132,117.00,0,-250.08,1604890.83
14144,178.00,3,250.61,41825.16
14156,60.00,2,-83.83,-28035.46
14171,99.00,2,0.00,5540.60
14183,280.00,1,-84.29,-7104.57
14195,124.00,0,-84.01,23.20
14207,146.00,0,0.00,7095.05
14219,292.00,0,0.00,0.00
14231,1.00,0,0.00,0.00
14242,77.00,2,169.19,14312.70
14254,266.00,1,-84.02,-21274.57
14266,74.00,1,0.00,7054.53
14280,193.00,8,494.66,34956.16
14440,250.00,235,1421.08,5799.57
14691,211.00,548,1247.26,-692.63
14782,2.00,132,-4567.76,-63850.15
14794,85.00,159,2271.39,575347.29
14806,265.00,185,2185.98,-7181.17
14818,61.00,0,-15551.45,-1491040.85
14833,235.00,2,130.53,1023494.13
14845,38.00,0,-167.35,-24925.22
14857,161.00,2,167.56,28058.84
14869,57.00,2,0.00,-14044.11
14881,208.00,0,-168.39,-14178.05
14893,1.00,2,167.97,28249.02
14905,48.00,0,-169.20,-28525.65
14916,213.00,0,0.00,14317.54
14928,193.00,2,169.81,14417.40
14940,56.00,2,0.00,-14239.67
14952,266.00,1,-83.89,-7037.97
14964,117.00,0,-83.81,7.07
14976,164.00,3,251.57,28124.16
14988,53.00,1,-168.14,-35284.59
15000,253.00,0,-83.83,7067.53
15012,5.00,2,167.95,21144.07
15023,82.00,2,0.00,-14112.62
15039,98.00,2,0.00,0.00
15050,198.00,4,168.44,14185.21
15062,212.00,29,2105.97,163216.01
15074,136.00,51,1851.70,-21401.95
15086,42.00,72,1762.34,-7499.13
15098,320.00,94,1848.74,7260.77
15110,55.00,115,1767.23,-6859.29
15122,68.00,135,1679.68,-7352.51
15134,275.00,156,1768.27,7459.41
15149,111.00,185,1860.29,5902.49
15161,85.00,208,1936.03,6375.49
15173,276.00,233,2098.55,13642.31
15185,0.00,258,2100.31,148.12
15197,86.00,284,2182.12,6866.35
15209,223.00,313,2438.20,21530.25
15224,9.00,52,-17158.64,-1288333.40
15236,94.00,185,10696.48,2240237.46
15248,205.00,204,1589.43,-761841.33
15260,171.00,234,2512.77,77338.73
15272,191.00,259,2096.79,-34889.34
15284,75.00,286,2265.10,14120.21
15296,261.00,312,2183.77,-6830.82
15308,88.00,339,2265.29,6839.32
15320,169.00,367,2348.01,6936.49
15332,6.00,392,2101.19,-20744.23
15344,210.00,417,2103.14,163.57
15356,2.00,443,2183.77,6772.64
15367,97.00,462,1598.65,-49231.73
15379,268.00,488,2182.31,48988.82
15391,146.00,1,-40794.10,-3599967.28
15406,129.00,0,-66.64,2714078.56
15418,155.00,2,169.53,20019.89
15430,263.00,1,-84.99,-21632.27
15442,3.00,0,-85.05,-4.92
15453,24.00,0,0.00,7280.92
15465,58.00,0,0.00,0.00
15477,92.00,1,85.52,7313.88
15488,254.00,19,1529.57,122709.93
15500,216.00,48,2461.38,79087.60
15514,98.00,81,2373.42,-6326.53
15526,131.00,111,2543.02,14376.68
15538,271.00,140,2462.01,-6877.56
15550,2.00,169,2460.55,-124.07
15561,57.00,197,2377.92,-7017.16
15573,200.00,224,2297.29,-6860.68
15585,194.00,2,-18773.78,-1781908.68
15600,169.00,3,67.19,1265939.33
15612,179.00,1,-169.19,-19996.72
15623,87.00,0,-84.75,7156.32
15635,130.00,3,254.50,28779.19
15647,267.00,4,84.78,-14388.67
15659,0.00,3,-84.76,-14370.39
15671,86.00,1,-168.99,-7117.04
15682,255.00,1,0.00,14281.27
15694,2.00,3,170.15,14476.33
15706,37.00,2,-85.06,-21707.12
15718,210.00,1,-84.72,28.09
15730,147.00,2,84.88,14396.63
15741,248.00,2,0.00,-7216.67
15753,80.00,0,-170.07,-14461.57
15765,47.00,24,2039.78,187816.05
15777,286.00,48,2039.78,0.00
15791,257.00,75,1811.84,-15295.82
15803,131.00,96,1766.78,-3790.42
15815,26.00,115,1598.79,-14136.33
15827,311.00,137,1849.98,21123.02
15839,89.00,157,1680.39,-14249.15
15851,81.00,178,1765.30,7137.64
15863,179.00,202,2016.13,21071.05
15877,40.00,230,2012.80,-239.62
15889,313.00,254,2020.37,637.80
15900,83.00,279,2106.50,7257.57
15912,125.00,305,2184.32,6537.71
15924,64.00,0,-25546.53,-2322711.41
15936,255.00,43,3583.93,2427942.89
15949,251.00,189,11752.39,657527.50
15961,237.00,208,1569.60,-841205.73
15976,280.00,236,1853.57,18798.41
15988,50.00,264,2352.94,41964.12
16000,149.00,289,2102.08,-21093.44
16012,101.00,316,2265.86,13744.90
16024,195.00,343,2267.57,143.84
16035,3.00,371,2351.16,7019.00
16047,86.00,398,2270.82,-6757.54
16059,269.00,423,2097.67,-14528.31
16071,65.00,442,1600.94,-41854.03
16083,169.00,468,2181.76,48738.23
16095,75.00,2,-39172.83,-3476344.01
16107,211.00,0,-167.48,3266233.05
16119,2.00,2,167.41,28030.65
16131,139.00,5,251.40,7039.10
16143,162.00,3,-168.36,-35336.98
16158,58.00,4,66.10,15498.87
16170,178.00,16,1014.28,80143.85
16182,201.00,34,1516.94,42360.92
16193,10.00,51,1435.57,-6871.38
16205,227.00,80,2434.72,83885.14
16217,0.00,109,2437.38,223.59
16229,129.00,136,2268.53,-14187.37
16243,2.00,168,2287.18,1333.59
16255,86.00,196,2355.91,5782.60
16267,264.00,224,2355.51,-33.35
16279,113.00,255,2598.93,20406.81
16291,167.00,3,-21144.49,-1992231.43
16303,23.00,5,167.31,1782817.08
16315,241.00,0,-420.06,-49346.40
16326,13.00,0,0.00,35195.82
16342,86.00,3,199.15,13220.28
16353,154.00,5,167.66,-2639.92
16365,30.00,3,-167.76,-28134.18
16377,241.00,0,-251.55,-7026.17
16389,2.00,1,84.23,28283.61
16401,61.00,4,253.61,14319.23
16413,276.00,7,251.72,-158.91
16425,132.00,2,-419.53,-56322.67
16437,140.00,2,0.00,35181.00
16449,104.00,2,0.00,0.00
16460,202.00,1,-84.60,-7157.56
16472,156.00,15,1178.15,106265.76
16484,36.00,39,2023.44,71265.87
16496,270.00,61,1851.85,-14443.29
16508,1.00,82,1766.64,-7168.84
16520,41.00,104,1851.54,7145.63
16535,67.00,130,1724.37,-8434.38
16547,235.00,150,1681.66,-3590.78
16559,212.00,172,1846.88,13869.68
16571,127.00,194,1851.07,353.02
16583,42.00,216,1849.98,-91.62
16594,282.00,241,2099.96,20997.46
16608,33.00,271,2136.45,2598.62
16620,302.00,295,2017.65,-9986.83
16632,30.00,323,2346.83,27589.73
16644,161.00,40,-23567.62,-2158098.70
16657,2.00,161,9707.96,2669735.28
16669,127.00,193,2667.11,-586835.12
16681,73.00,222,2424.34,-20294.89
16693,215.00,250,2345.84,-6576.68
16705,2.00,279,2428.61,6930.98
16720,99.00,314,2308.55,-7918.51
16732,181.00,340,2181.03,-10697.91
16744,11.00,364,2016.64,-13812.94
16755,227.00,389,2096.44,6691.72
16767,2.00,414,2101.02,384.98
16779,154.00,442,2344.86,20420.85
16791,171.00,462,1682.79,-55706.25
16803,141.00,483,1764.11,6831.27
16815,202.00,511,2347.22,48881.56
16827,81.00,19,-41233.66,-3652437.01
16839,263.00,4,-1257.23,3350635.18
16851,117.00,4,0.00,105233.87
16863,180.00,7,252.67,21281.41
16875,6.00,18,922.90,56231.40
16887,227.00,47,2436.97,127233.49
16902,233.00,87,2664.00,15120.07
16913,205.00,114,2294.36,-31411.04
16925,64.00,142,2376.91,7007.85
16937,128.00,168,2213.90,-13880.58
16949,140.00,196,2374.69,13637.19
16960,269.00,223,2295.72,-6714.51
16974,25.00,2,-15892.42,-1307934.97
16986,186.00,1,-84.56,1336703.97
16998,174.00,3,169.87,21609.08
17010,144.00,1,-169.82,-28843.37
17022,110.00,-1,-169.35,40.18
17033,131.00,9,848.61,86384.61
17045,272.00,2,-594.73,-122628.77
17057,1.00,2,0.00,50405.32
17069,40.00,1,-85.11,-7244.33
17083,261.00,-1,-136.78,-3533.48
17095,186.00,1,170.88,26286.91
17107,69.00,12,934.10,64811.61
17118,144.00,0,-1020.41,-166199.95
17130,119.00,2,170.08,101240.81
17142,299.00,1,-84.96,-21669.01
17154,3.00,2,84.73,14378.34
17166,56.00,7,424.16,28794.43
17177,261.00,2,-424.41,-72028.89
17189,165.00,5,254.37,57552.89
17201,82.00,29,2037.87,151439.57
17213,190.00,51,1873.14,-14025.79
17224,78.00,71,1703.00,-14487.42
17236,330.00,93,1874.57,14619.69
17248,1.00,113,1703.72,-14554.16
17260,114.00,133,1703.14,-49.42
17270,363.00,152,1086.96,-812331.43
17282,177.00,174,1848.12,63941.68
17294,107.00,197,1933.42,7170.87
17306,94.00,222,2102.78,14245.19
17318,270.00,246,2016.13,-7279.49
17330,2.00,271,2100.13,7056.90
17344,198.00,303,2298.85,14275.59
17356,187.00,11,-24484.32,-2245779.85
17368,105.00,180,13457.56,3021331.18
17380,185.00,190,832.09,-1050546.82
17392,60.00,213,1930.18,92152.80
17404,262.00,240,2266.43,28225.78
17416,82.00,268,2347.81,6823.74
17428,161.00,295,2268.72,-6646.05
17443,200.00,331,2377.65,7194.58
17455,41.00,355,2020.88,-30041.06
17467,238.00,378,1932.61,-7417.17
17479,39.00,405,2265.10,27893.45
17491,167.00,431,2181.39,-7023.21
17503,136.00,453,1853.41,-27630.93
17514,169.00,482,2434.11,48740.91
17526,210.00,510,2346.63,-7331.56
17538,91.00,532,1846.88,-41953.81
17550,270.00,561,2431.46,49013.24
17562,100.00,591,2518.47,7304.46
17574,183.00,619,2347.61,-14324.99
17586,10.00,646,2268.15,-6675.86
17598,245.00,672,2182.67,-7175.30
17610,1.00,699,2271.01,7429.88
17625,65.00,734,2314.81,2897.35
17637,157.00,764,2519.95,17230.98
17649,41.00,794,2515.51,-372.07
17661,211.00,821,2269.48,-20680.22
17673,1.00,848,2266.62,-239.91
17684,98.00,878,2522.70,21534.01
17696,274.00,906,2352.74,-14281.23
17710,71.00,5,-64380.14,-4768337.21
17722,264.00,31,2182.67,5587878.50
17734,93.00,10,-1762.04,-330987.88
17746,174.00,3,-587.05,98539.86
17758,41.00,1,-168.42,35253.08
17770,165.00,0,-84.76,7091.11
17782,153.00,0,0.00,7186.72
17793,144.00,2,169.25,14322.39
17808,69.00,2,0.00,-11204.75
17820,210.00,0,-168.19,-14144.68
17832,1.00,3,252.14,35328.43
17844,70.00,3,0.00,-21195.63
17856,297.00,17,1182.23,99833.87
17868,69.00,41,2018.16,70293.54
17880,112.00,65,2019.01,71.41
17892,212.00,89,2022.42,286.74
17904,184.00,112,1938.47,-7074.64
17915,135.00,136,2018.16,6701.06
17927,90.00,159,1937.49,-6795.45
17939,258.00,181,1852.94,-7121.29
17951,3.00,202,1767.53,-7189.27
17963,14.00,222,1684.07,-7027.56
17975,339.00,243,1769.61,7208.60
17987,62.00,265,1854.51,7156.06
18002,104.00,293,1858.00,231.61
18014,84.00,316,1934.40,6425.79
18026,162.00,342,2184.32,20996.78
18037,217.00,366,2019.18,-13893.74
18049,158.00,392,2182.12,13675.30
18061,34.00,419,2269.48,7342.72
18075,1.00,52,-25971.27,-1998496.11
18088,88.00,161,8770.52,2795444.72
18100,164.00,192,2595.66,-517027.17
18112,37.00,218,2170.28,-35507.42
18124,249.00,243,2099.08,-5978.79
18136,19.00,272,2437.38,28434.02
18147,145.00,303,2602.64,13873.88
18159,89.00,331,2347.42,-21396.58
18174,7.00,362,2053.80,-19452.87
18186,224.00,387,2098.55,3756.53
18198,2.00,413,2184.69,7238.26
18210,122.00,438,2102.08,-6946.40
18222,229.00,462,2018.16,-7056.29
18234,171.00,492,2509.83,41133.33
18246,209.00,515,1924.69,-48966.02
18258,94.00,545,2513.19,49301.17
18270,268.00,571,2181.94,-27799.10
18282,102.00,7,-47390.98,-4165441.21
18294,189.00,12,417.78,3994715.60
18306,49.00,40,2349.58,162104.88
18318,255.00,69,2428.40,6600.18
18329,65.00,100,2601.33,14510.52
18341,167.00,129,2433.70,-14067.07
18356,147.00,163,2273.49,-10713.17
18368,259.00,189,2210.88,-5323.37
18380,2.00,3,-15793.50,-1528774.74
18392,91.00,2,-84.62,1329233.30
18403,240.00,2,0.00,7163.01
18415,202.00,4,170.10,14466.49
18427,40.00,14,850.05,57799.56
18441,113.00,20,432.06,-30099.54
18453,256.00,10,-850.48,-109078.38
18464,204.00,0,-850.63,-12.31
18476,107.00,0,0.00,72722.02
18488,2.00,0,0.00,0.00
18499,11.00,15,1288.55,110690.58
18511,193.00,42,2295.72,85636.77
18523,158.00,24,-1531.65,-325678.81
18535,148.00,1,-1945.36,-34991.67
18549,208.00,1,0.00,132157.66
18561,153.00,9,680.97,57964.50
18573,188.00,4,-425.60,-94192.32
18585,111.00,18,1188.05,136936.18
18597,84.00,5,-1105.35,-195000.41
18608,279.00,27,1870.11,252929.31
18620,157.00,7,-1700.82,-303676.94
18632,47.00,32,2118.82,323726.46
18644,215.00,55,1956.95,-13773.20
18655,94.00,75,1701.26,-21749.59
18667,340.00,96,1786.02,7208.63
18679,28.00,116,1702.27,-7127.88
18691,50.00,136,1702.13,-12.33
18702,262.00,157,1785.11,7053.68
18714,110.00,178,1787.54,206.95
18729,91.00,207,1939.93,10194.05
18741,178.00,234,2272.73,28013.31
18753,236.00,257,1932.12,-28612.54
18765,176.00,282,2097.32,13858.37
18777,54.00,311,2433.50,28210.37
18789,213.00,32,-23279.10,-2145398.18
18801,287.00,143,9070.85,2643617.68
18815,152.00,200,4012.95,-356089.59
18827,77.00,220,1680.25,-195976.26
18839,209.00,247,2264.91,49044.71
18851,2.00,276,2431.05,13927.38
18863,124.00,6,-22601.71,-2095492.89
18875,126.00,31,2095.73,2070369.75
18887,169.00,55,2017.32,-6591.39
18902,218.00,90,2315.43,19721.62
18914,0.00,115,2102.25,-17925.81
18926,95.00,141,2186.71,7103.27
18937,269.00,162,1767.23,-35300.94
18949,106.00,185,1930.66,13718.92
18961,185.00,212,2260.55,27619.33
18973,14.00,238,2183.22,-6493.11
18985,244.00,1,-19844.26,-1844384.41
18997,61.00,0,-83.68,1653467.09
19009,166.00,2,167.76,21089.76
19021,59.00,19,1428.45,105931.80
19033,214.00,47,2347.02,76996.89
19045,2.00,76,2435.54,7434.10
19057,117.00,106,2516.57,6796.85
19069,186.00,134,2351.56,-13858.19
19084,81.00,170,2382.69,2060.22
19096,190.00,198,2356.31,-2219.85
19107,204.00,227,2437.79,6849.94
19119,75.00,16,-17710.26,-1691123.98
19131,278.00,4,-1003.93,1397667.93
19143,122.00,0,-335.94,56101.05
19155,183.00,27,2266.24,218413.48
19167,21.00,54,2271.20,416.93
19181,166.00,9,-3208.78,-390757.47
19193,48.00,11,168.14,283894.31
19205,234.00,4,-589.82,-63865.79
19217,183.00,0,-338.70,21263.79
19228,65.00,0,0.00,28647.21
19240,191.00,14,1185.74,100426.63
19252,175.00,3,-922.82,-176892.29
19267,1.00,9,397.11,87360.72
19279,81.00,5,-336.45,-61700.71
19291,302.00,3,-168.22,14149.44
19303,130.00,0,-252.42,-7084.25
19315,134.00,5,420.34,56558.53
19327,89.00,2,-252.19,-56534.15
19339,268.00,18,1343.41,133970.99
19351,0.00,42,2015.96,56493.14
19362,32.00,62,1685.77,-27831.05
19374,349.00,82,1685.91,11.98
19386,84.00,103,1771.55,7224.54
19398,65.00,124,1769.46,-176.09
19410,310.00,144,1685.35,-7088.41
19422,195.00,166,1849.52,13801.66
19434,99.00,187,1769.91,-6709.24
19446,140.00,210,1937.01,14072.23
19461,66.00,242,2121.17,12207.79
19472,264.00,266,2019.18,-8580.66
19484,2.00,291,2101.90,6954.59
19496,92.00,318,2268.91,14034.24
19508,165.00,34,-23716.08,-2169935.93
19521,154.00,145,9047.93,2670688.35
19533,252.00,195,4131.55,-406245.34
19547,26.00,224,2068.62,-147152.25
19559,261.00,248,2013.59,-4616.95
19570,20.00,276,2349.39,28175.51
19582,163.00,308,2674.02,27127.33
19594,37.00,338,2515.93,-13257.80
19606,214.00,362,2015.96,-41997.02
19618,1.00,387,2090.30,6215.83
19633,77.00,419,2118.64,1876.53
19645,172.00,439,1681.38,-36760.43
19657,59.00,463,2015.45,28054.51
19669,187.00,486,1933.59,-6882.41
19681,0.00,12,-39678.55,-3483353.34
19693,131.00,13,83.70,3327941.87
19705,113.00,4,-753.96,-70172.93
19717,202.00,31,2258.47,251980.56
19729,0.00,15,-1343.97,-302599.11
19741,107.00,42,2264.91,302733.31
19753,284.00,71,2437.59,14514.47
19764,128.00,100,2431.66,-497.01
19776,179.00,130,2515.93,7067.46
19788,56.00,160,2513.19,-229.54
19800,252.00,188,2347.42,-13898.09
19815,256.00,222,2270.91,-5110.35
19827,209.00,250,2376.91,8998.67
19839,21.00,278,2380.95,343.74
19851,171.00,307,2455.55,6316.15
19862,166.00,3,-25848.14,-2406571.58
19874,146.00,18,1270.54,2297025.46
19886,75.00,6,-1018.50,-194283.08
19898,124.00,9,254.17,107826.44
19912,181.00,12,216.37,-2726.33
19923,76.00,16,339.59,10460.59
19935,91.00,0,-1366.94,-145794.50
19947,50.00,0,0.00,117022.28
19958,174.00,0,0.00,0.00
19970,115.00,22,1885.01,161512.65
19982,274.00,46,2045.16,13647.20
19997,120.00,3,-2922.78,-337680.00
20008,97.00,2,-85.07,241404.84
20020,272.00,1,-85.01,5.53
20032,4.00,8,595.95,57973.15
20044,46.00,4,-339.99,-79552.83
20055,196.00,8,340.25,57863.50
20067,105.00,33,2127.66,152119.81
20079,348.00,54,1786.17,-29045.64
20091,18.00,74,1698.95,-7409.39
20102,22.00,95,1786.47,7445.95
20114,250.00,115,1703.29,-7084.53
20126,106.00,135,1701.84,-123.33
20138,270.00,157,1870.75,14363.12
20149,60.00,178,1790.74,-6822.63
20161,5.00,199,1785.71,-427.30
20173,262.00,224,2122.78,28620.82
20188,242.00,254,2005.48,-7841.44
20200,1.00,279,2099.78,7920.37
20212,66.00,307,2350.57,21053.49
20224,93.00,41,-22087.52,-2029236.12
20236,61.00,165,9939.88,2567326.61
20248,270.00,196,2593.49,-614606.26
20260,131.00,225,2426.58,-13966.70
20274,267.00,258,2365.59,-4371.60
20286,70.00,286,2350.18,-1293.87
20298,169.00,314,2347.61,-214.77
20310,39.00,340,2181.57,-13931.92
20322,211.00,0,-28566.63,-2583448.29
20334,0.00,9,755.03,2459870.89
20346,106.00,35,2189.66,120820.66
20361,151.00,68,2179.80,-651.14
20373,113.00,91,1934.72,-20615.45
20384,165.00,113,1848.89,-7213.15
20396,217.00,18,-7970.47,-823841.11
20408,91.00,6,-1005.87,583788.75
20420,278.00,1,-419.71,49203.22
20432,123.00,20,1592.89,168729.06
20444,183.00,20,0.00,-133687.85
20456,15.00,25,420.66,35391.47
20468,235.00,53,2349.19,161802.79
20480,4.00,82,2431.66,6915.27
20492,135.00,110,2352.94,-6615.19
20504,134.00,139,2430.64,6512.59
20516,182.00,168,2432.68,171.04
20527,201.00,195,2271.96,-13524.03
20543,1.00,3,-12694.21,-989499.32
20554,124.00,32,2430.64,1267694.05
20566,158.00,12,-1677.57,-344590.99
20578,170.00,7,-419.15,105492.85
20590,194.00,18,923.83,112788.52
20602,64.00,23,419.96,-42320.68
20614,262.00,10,-1093.08,-127220.74
20626,99.00,1,-753.39,28435.44
20640,266.00,27,1855.68,186216.19
20652,19.00,0,-2279.64,-349148.94
20664,95.00,-3,-253.87,171427.92
20675,251.00,0,253.91,42978.08
20687,30.00,22,1851.85,134506.51
20699,123.00,48,2188.55,28341.78
20711,205.00,71,1937.49,-21148.80
20726,172.00,28,-2856.00,-318377.99
20738,197.00,3,-2102.25,63383.00
20750,160.00,19,1345.22,289849.48
20762,26.00,19,0.00,-113147.96
20774,276.00,44,2108.99,177914.02
20786,1.00,67,1935.54,-14596.87
20797,46.00,90,1939.95,371.78
20809,309.00,110,1688.62,-21219.80
20821,63.00,129,1603.78,-7161.07
20833,57.00,151,1852.48,20940.89
20845,339.00,172,1769.17,-7018.50
20857,154.00,192,1685.20,-7074.66
20869,99.00,215,1935.21,21035.64
20880,148.00,237,1852.94,-6929.07
20892,257.00,262,2101.37,20881.44
20907,284.00,293,2055.02,-3072.49
20919,1.00,319,2184.87,10911.97
20931,89.00,347,2352.35,14069.91
20943,16.00,71,-22761.01,-2071033.94
20956,93.00,169,7879.71,2463674.77
20968,206.00,203,2845.43,-421314.53
20980,153.00,227,2014.44,-69749.00
20992,189.00,251,2019.01,384.92
21006,115.00,284,2355.96,24056.01
21017,183.00,312,2349.78,-518.89
21029,43.00,340,2347.02,-231.14
21041,235.00,366,2183.77,-13711.69
21053,7.00,392,2182.86,-76.96
21065,142.00,415,1933.10,-20991.61
21077,102.00,442,2265.10,27852.57
21092,6.00,476,2248.38,-1105.73
21104,235.00,507,2592.41,28769.60
21116,56.00,532,2089.95,-42004.28
21128,167.00,557,2099.08,766.15
21140,61.00,583,2185.06,7225.91
21152,205.00,610,2262.82,6517.36
21164,1.00,638,2351.36,7435.15
21176,116.00,666,2349.39,-165.54
21188,204.00,695,2435.95,7271.21
21199,148.00,725,2515.30,6652.98
21211,192.00,752,2265.29,-20975.81
21223,56.00,778,2180.29,-7127.65
21235,260.00,805,2265.48,7147.78
21247,98.00,832,2259.23,-523.44
21259,178.00,862,2515.51,21489.78
21274,171.00,899,2471.61,-2932.69
21286,151.00,9,-75366.25,-6591401.13
21298,111.00,4,-422.98,6339841.81
21309,132.00,30,2209.76,223757.69
21321,261.00,54,2038.22,-14568.18
21333,1.00,76,1869.32,-14351.17
21345,11.00,79,255.91,-137627.78
21356,89.00,79,0.00,-21930.52
21370,164.00,84,364.27,26538.84
21382,142.00,112,2382.37,171709.20
21394,304.00,18,-7977.59,-879229.85
21406,54.00,46,2369.67,875699.31
21417,78.00,22,-2039.43,-374668.36
21429,255.00,46,2038.56,346385.10
21441,179.00,5,-3487.58,-470070.06
21456,79.00,8,203.86,250845.38
21467,266.00,31,1958.11,149349.03
21479,161.00,56,2128.02,14462.75
21491,126.00,79,1956.95,-14555.83
21503,173.00,102,1955.28,-141.43
21514,58.00,124,1875.53,-6798.87
21526,299.00,146,1870.75,-406.85
21538,128.00,165,1620.47,-21345.78
21550,120.00,187,1871.23,21328.28
21561,188.00,207,1704.45,-14213.14
21573,66.00,228,1785.56,6896.85
21585,328.00,252,2041.34,21755.09
21597,1.00,274,1872.98,-14333.31
21608,96.00,299,2128.02,21709.55
21620,200.00,323,2038.91,-7570.52
21635,175.00,356,2201.17,10823.42
21647,170.00,384,2350.37,12524.10
21659,152.00,109,-22557.62,-2043146.42
21671,130.00,180,5808.25,2320506.43
21683,89.00,206,2178.28,-304118.79
21695,194.00,231,2099.43,-6622.04
21707,205.00,255,2018.84,-6778.80
21719,83.00,282,2265.29,20676.92
21731,270.00,311,2433.29,14096.62
21745,21.00,342,2226.05,-14881.67
21757,232.00,369,2266.81,3422.06
21769,2.00,395,2185.61,-6826.12
21781,137.00,420,2101.19,-7094.90
21792,145.00,445,2099.43,-148.18
21808,34.00,478,2182.83,5516.57
21819,187.00,500,1852.16,-27838.42
21831,2.00,527,2266.05,34736.68
21843,105.00,554,2266.81,63.89
21855,267.00,15,-45305.54,-3998684.66
21867,146.00,42,2254.51,3971279.91
21879,193.00,70,2349.78,7995.37
21891,68.00,99,2430.85,6795.04
21903,263.00,130,2596.10,13838.95
21915,93.00,159,2432.89,-13692.25
21927,169.00,187,2357.30,-6363.59
21939,55.00,213,2186.34,-14375.67
21951,202.00,240,2263.20,6442.44
21962,1.00,268,2349.19,7214.39
21974,119.00,18,-20980.19,-1957820.16
21990,173.00,3,-989.05,1318155.10
22001,31.00,32,2435.75,287653.38
22013,220.00,59,2269.86,-13945.81
22025,2.00,5,-4546.60,-573921.36
22037,87.00,6,84.15,389695.91
22049,230.00,0,-509.34,-50381.30
22061,195.00,0,0.00,43105.78
22072,7.00,3,254.82,21644.47
22084,223.00,10,588.88,28102.82
22096,1.00,16,503.99,-7130.51
22110,230.00,27,783.92,19949.58
22122,2.00,18,-757.19,-129658.07
22134,80.00,44,2186.16,247486.19
22146,281.00,69,2103.67,-6941.36
22158,122.00,14,-4624.96,-565811.20
22173,184.00,17,198.44,319049.93
22185,153.00,10,-588.58,-66175.10
22197,22.00,13,251.85,70553.09
22209,275.00,38,2109.35,156724.75
22221,3.00,60,1854.19,-21504.90
22232,24.00,81,1769.61,-7127.31
22244,325.00,103,1852.32,6963.58
22256,90.00,122,1603.10,-21027.22
22268,70.00,144,1853.10,21057.51
22280,285.00,164,1685.63,-14114.60
22292,190.00,185,1767.08,6853.90
22304,108.00,208,1940.44,14625.43
22315,129.00,232,2020.54,6743.99
22327,257.00,256,2021.56,86.01
22339,160.00,281,2103.49,6893.43
22354,2.00,315,2255.39,10076.15
22366,91.00,10,-25555.09,-2330161.69
22378,164.00,46,3011.80,2389934.43
22391,68.00,184,11149.71,657503.19
22403,272.00,211,2234.73,-737873.19
22415,68.00,232,1766.04,-39415.34
22426,153.00,259,2268.34,42198.96
22438,62.00,285,2183.22,-7146.94
22450,228.00,311,2177.19,-505.19
22462,0.00,337,2180.84,306.36
22476,236.00,368,2211.13,2160.12
22488,1.00,398,2517.20,25681.65
22500,134.00,426,2347.02,-14264.59
22512,175.00,450,2016.30,-27785.09
22524,152.00,478,2349.58,27967.29
22539,205.00,15,-30704.95,-2192090.89
22551,1.00,42,2266.62,2767929.47
22563,101.00,15,-2264.91,-380130.24
22575,259.00,22,587.05,239178.29
22587,142.00,48,2176.28,133023.12
22599,192.00,13,-2940.19,-429810.71
22611,57.00,43,2511.93,456511.75
22622,259.00,72,2430.64,-6813.24
22634,110.00,102,2510.46,6679.28
22646,188.00,131,2427.79,-6920.57
22658,48.00,159,2345.06,-6929.27
22670,246.00,188,2434.32,7492.39
22682,28.00,215,2270.24,-13795.72
22694,151.00,245,2516.36,20643.63
22706,69.00,274,2433.50,-6952.92
22721,121.00,34,-16020.29,-1231813.01
22733,124.00,7,-2285.62,1162674.58
22745,145.00,33,2205.26,380905.53
22756,286.00,14,-1613.45,-324279.02
22768,1.00,8,-509.04,93697.78
22780,53.00,0,-681.61,-14703.06
22791,172.00,1,85.74,65793.23
22803,105.00,1,0.00,-7335.21
22815,250.00,5,341.24,29110.96
22827,1.00,12,594.58,21518.91
22841,129.00,5,-503.85,-79063.68
22852,108.00,2,-254.69,21152.93
22864,281.00,5,254.91,43299.98
22876,2.00,14,765.18,43382.85
22888,34.00,38,2040.82,108472.82
22902,290.00,67,1976.02,-4415.44
22914,2.00,91,2038.22,5282.49
22926,65.00,116,2127.48,7596.12
22938,218.00,137,1787.99,-28904.52
22949,87.00,158,1787.08,-77.69
22961,334.00,179,1790.59,298.83
22973,0.00,198,1620.61,-14498.41
22985,88.00,220,1873.14,21501.08
22996,198.00,240,1705.03,-14331.43
23008,78.00,261,1785.11,6806.98
23020,338.00,283,1871.86,7381.55
23032,2.00,306,1957.95,7328.19
23043,58.00,330,2042.90,7231.38
23055,221.00,354,2041.86,-88.72
23067,129.00,379,2125.49,7110.25
23082,138.00,415,2400.64,18348.31
23094,7.00,48,-30575.69,-2747340.63
23106,97.00,181,10697.34,3319635.42
23118,219.00,200,1591.42,-762703.30
23130,169.00,227,2260.74,56042.49
23142,185.00,255,2351.36,7610.17
23154,40.00,281,2185.79,-13919.13
23166,257.00,311,2516.78,27767.30
23178,53.00,340,2433.91,-6955.24
23190,163.00,366,2181.39,-21185.99
23204,0.00,398,2298.52,8413.25
23215,123.00,422,2019.01,-23513.75
23227,241.00,441,1596.77,-35485.30
23239,114.00,466,2101.37,42413.82
23251,186.00,489,1932.77,-14167.81
23266,4.00,524,2309.93,24891.30
23278,93.00,550,2183.22,-10639.29
23290,275.00,577,2262.06,6605.36
23302,104.00,0,-48524.09,-4270974.53
23314,151.00,0,0.00,4099357.43
23326,270.00,1,85.07,7236.94
23337,40.00,0,-84.55,-14340.15
23349,153.00,27,2265.86,197247.92
23361,82.00,54,2268.72,239.97
23373,192.00,79,2098.20,-14311.49
23385,1.00,106,2269.10,14362.78
23397,97.00,135,2432.89,13740.58
23409,155.00,171,3003.25,47582.18
23421,155.00,200,2434.72,-47731.45
23433,211.00,228,2344.47,-7557.12
23448,15.00,7,-14563.43,-1114194.15
23460,156.00,19,1003.60,1301917.11
23472,47.00,10,-754.97,-147518.37
23484,225.00,3,-586.41,14120.65
23496,1.00,30,2264.72,239148.86
23508,119.00,6,-2013.59,-358948.94
23520,136.00,0,-502.98,126633.90
23531,178.00,0,0.00,42259.78
23543,174.00,26,2192.61,184905.77
23555,7.00,12,-1176.47,-283116.23
23569,167.00,27,1069.98,160243.03
23581,37.00,5,-1850.92,-245742.34
23593,249.00,17,1008.57,240333.66
23605,2.00,5,-1007.73,-169323.04
23617,68.00,7,168.25,98929.67
23632,99.00,22,995.36,54884.14
23644,221.00,46,2019.69,86201.88
23656,176.00,68,1852.94,-14044.33
23668,118.00,89,1770.66,-6938.11
23679,142.00,110,1772.15,126.10
23691,215.00,130,1688.76,-7041.34
23703,124.00,151,1768.72,6734.41
23715,85.00,172,1772.30,302.35
23727,259.00,192,1688.33,-7088.29
23739,140.00,215,1935.21,20772.30
23751,14.00,239,2019.01,7049.71
23762,304.00,263,2021.56,214.87
23774,61.00,288,2103.49,6893.43
23786,103.00,314,2188.74,7176.08
23948,2.00,459,898.02,-7993.71
24139,207.00,5,-2368.09,-17036.15
24151,160.00,1,-334.56,170084.15
24163,201.00,12,920.04,104934.78
24175,86.00,14,167.57,-63046.99
24187,227.00,0,-1171.55,-112060.46
24199,177.00,14,1170.76,195878.28
24211,1.00,5,-753.26,-161033.52
24223,95.00,3,-167.27,49008.79
24235,284.00,6,252.04,35226.69
24247,83.00,-2,-675.68,-78354.14
24259,140.00,-1,84.20,63984.43
24271,104.00,8,756.18,56458.75
24283,209.00,33,2097.67,112560.16
24294,5.00,13,-1677.15,-316546.44
24306,87.00,6,-586.95,91413.38
24322,136.00,8,131.90,47408.36
24333,85.00,4,-335.65,-39234.28
24345,270.00,24,1677.85,168918.40
24357,1.00,46,1849.52,14431.63
24369,59.00,69,1931.80,6911.01
24381,271.00,92,1930.50,-108.88
24393,185.00,112,1680.53,-21004.19
24405,123.00,132,1679.83,-59.28
24417,51.00,154,1849.21,14237.23
24429,308.00,174,1683.08,-13980.39
24441,4.00,195,1764.56,6846.56
24452,55.00,217,1849.36,7128.74
24464,268.00,240,1930.83,6838.90
24476,182.00,265,2100.31,14238.83
24488,153.00,289,2012.92,-7329.92
24506,164.00,329,2250.23,13349.96
24518,58.00,2,-27704.82,-2537917.97
24530,129.00,135,10911.48,3168126.87
24542,211.00,186,4263.86,-555774.60
24554,166.00,211,2122.24,-181801.06
24565,128.00,238,2292.80,14483.51
24577,91.00,262,2042.03,-21336.43
24589,113.00,287,2125.67,7111.45
24601,241.00,314,2292.99,14210.11
24613,2.00,342,2377.72,7194.61
24624,6.00,367,2125.31,-21457.90
24636,174.00,392,2122.60,-229.81
24648,171.00,416,2038.56,-7138.25
24660,188.00,442,2210.32,14601.52
24671,40.00,471,2463.05,21465.41
24686,166.00,498,1842.63,-42341.37
24698,206.00,526,2373.89,45041.22
24710,39.00,552,2207.32,-14141.19
24721,111.00,578,2206.19,-95.36
24733,240.00,606,2376.51,14455.29
24745,1.00,632,2209.38,-14201.66
24757,5.00,660,2376.51,14184.79
24769,170.00,688,2378.32,154.31
24780,178.00,717,2465.15,7380.54
24792,216.00,744,2292.60,-14650.90
24804,56.00,774,2542.80,21206.95
24816,121.00,802,2376.51,-14114.52
24827,253.00,829,2286.39,-7631.03
24839,1.00,858,2453.47,14135.11
24851,77.00,883,2124.77,-27936.63
24868,90.00,0,-51855.77,-3170104.14
24880,189.00,4,334.42,4363363.19
24892,46.00,5,83.74,-20991.64
24904,277.00,0,-418.62,-42059.47
24916,77.00,19,1593.83,168815.22
24928,142.00,0,-1605.95,-270456.98
24940,171.00,0,0.00,135101.41
24951,120.00,1,84.44,7129.79
24963,184.00,9,669.18,48911.59
24975,46.00,4,-419.15,-91233.36
24987,283.00,4,0.00,35033.99
24999,107.00,9,419.99,35278.59
25011,150.00,11,167.81,-21159.44
25023,47.00,4,-588.14,-63514.52
25035,211.00,0,-334.45,21211.40
25050,234.00,14,926.23,83405.91
25062,112.00,40,2183.77,105622.43
25074,88.00,63,1934.89,-20937.67
25086,86.00,86,1932.45,-204.88
25098,213.00,109,1935.21,232.57
25110,2.00,131,1849.98,-7166.94
25121,14.00,150,1600.67,-21003.30
25133,247.00,172,1851.07,21068.47
25145,79.00,192,1683.64,-14094.57
25157,61.00,213,1764.71,6811.97
25169,172.00,237,2018.16,21313.29
25181,183.00,260,1932.94,-7162.61
25193,111.00,285,2099.96,14029.61
25205,16.00,310,2097.32,-221.69
25217,235.00,335,2101.02,311.07
25228,53.00,362,2269.29,14142.89
25241,146.00,57,-25300.71,-2287017.34
25253,34.00,162,8392.61,2693095.64
25265,120.00,197,2928.63,-457199.34
25277,64.00,222,2102.61,-69471.66
25289,167.00,247,2105.26,223.66
25301,163.00,276,2436.57,27835.84
25313,57.00,306,2521.43,7132.87
25324,205.00,333,2273.68,-20862.99
25336,35.00,357,2016.30,-21623.61
25348,116.00,380,1936.03,-6756.86
25360,97.00,407,2268.34,27918.07
25372,128.00,433,2186.53,-6879.83
25384,170.00,459,2183.04,-292.88
25396,47.00,480,1766.78,-35020.61
25411,83.00,516,2383.16,40803.29
25423,213.00,544,2356.51,-2243.17
25435,72.00,571,2269.10,-7345.78
25447,136.00,10,-47138.90,-4151583.41
25459,10.00,2,-668.45,3882891.60
25470,186.00,20,1511.72,183099.44
25482,3.00,48,2349.98,70353.61
25494,114.00,79,2601.98,21151.74
25506,141.00,109,2521.64,-6752.69
25518,154.00,136,2272.15,-20995.59
25530,190.00,163,2272.54,32.19
25542,11.00,2,-13554.47,-1332463.92
25554,241.00,10,669.90,1191121.67
25566,4.00,6,-336.02,-84503.20
25578,168.00,9,250.75,49044.95
25593,193.00,2,-462.38,-47105.77
25607,177.00,0,-142.11,22756.57
25619,2.00,5,418.24,46870.85
25631,94.00,2,-251.76,-56226.70
25643,286.00,0,-168.32,7022.43
25654,60.00,0,0.00,14175.66
25666,145.00,6,505.60,42605.86
25678,47.00,5,-83.63,-49279.65
25690,231.00,1,-334.42,-20967.07
25702,92.00,3,166.67,41757.24
25714,154.00,3,0.00,-13921.37
25726,11.00,12,755.48,63416.20
25738,266.00,4,-669.40,-119226.61
25750,132.00,0,-333.83,28005.84
25762,148.00,5,417.47,62728.64
25774,19.00,3,-167.28,-48908.23
25789,70.00,15,792.50,63385.14
25801,264.00,39,2017.48,102974.71
25813,208.00,61,1847.50,-14275.06
25825,122.00,81,1680.67,-14018.93
25837,36.00,101,1676.16,-377.75
25849,305.00,123,1849.21,14544.91
25861,71.00,143,1682.51,-14023.33
25872,65.00,164,1766.04,7024.74
25884,254.00,185,1766.04,0.00
25896,193.00,207,1855.29,7526.23
25908,117.00,233,2183.04,27519.05
25920,62.00,257,2019.01,-13798.86
25932,268.00,281,2013.93,-426.51
25944,1.00,309,2351.76,28374.41
25956,143.00,20,-24117.50,-2208900.54
25973,273.00,92,4185.56,1645335.40
25985,262.00,187,7759.54,291919.97
25997,8.00,220,2787.16,-419964.01
26009,86.00,247,2288.33,-42277.54
26021,240.00,275,2372.08,7094.86
26032,2.00,303,2374.09,170.53
26044,18.00,331,2378.93,411.30
26056,171.00,355,2040.99,-28738.80
26068,170.00,379,2038.91,-176.76
26080,142.00,405,2205.45,14126.44
26091,36.00,433,2380.14,14850.14
26103,85.00,460,2294.55,-7273.75
26115,177.00,479,1618.12,-57607.70
26127,164.00,20,-38964.35,-3445031.35
26138,11.00,6,-1185.03,3197842.53
26176,98.00,19,350.54,41405.69
26187,200.00,45,2211.07,158222.28
26199,1.00,73,2374.69,13876.70
26211,30.00,103,2548.85,14796.98
26223,153.00,133,2547.77,-91.92
26234,137.00,162,2460.96,-7366.49
26246,92.00,190,2373.48,-7415.38
26258,72.00,217,2295.92,-6595.78
26270,108.00,244,2291.44,-380.34
26282,204.00,18,-19139.57,-1814956.23
26293,34.00,1,-1432.91,1492469.67
26305,99.00,3,169.15,135491.69
26317,208.00,1,-169.42,-28679.99
26331,33.00,2,72.01,17385.29
26343,143.00,0,-169.48,-20463.26
26358,111.00,0,0.00,11309.03
26370,130.00,0,0.00,0.00
26381,190.00,0,0.00,0.00
26393,101.00,0,0.00,0.00
26405,129.00,6,505.26,42548.48
26417,15.00,2,-334.22,-70144.36
26429,229.00,1,-83.45,20927.40
26441,119.00,1,0.00,6978.72
26453,124.00,2,83.83,7027.36
26465,28.00,1,-83.72,-14028.25
26477,239.00,1,0.00,7013.83
26489,86.00,0,-84.10,-7072.34
26501,108.00,4,334.45,34995.43
26513,50.00,16,1007.05,56445.22
26524,221.00,37,1766.64,63900.60
26536,2.00,59,1850.61,7063.41
26551,43.00,85,1725.05,-8330.19
26563,51.00,104,1598.25,-10666.45
26575,232.00,125,1766.64,14165.52
